<?xml version="1.0"?>
<opencv_storage>
<calibrationDate>"to. 22. feb. 2018 kl. 10.47 +0100"</calibrationDate>
<framesCount>17</framesCount>
<cameraResolution>
  1280 720</cameraResolution>
<cameraMatrix type_id="opencv-matrix">
  <rows>3</rows>
  <cols>3</cols>
  <dt>d</dt>
  <data>
    9.6815229509240305e+02 0. 6.7963529063959629e+02 0.
    9.6815229509240305e+02 3.5478585448514963e+02 0. 0. 1.</data></cameraMatrix>
<cameraMatrix_std_dev type_id="opencv-matrix">
  <rows>4</rows>
  <cols>1</cols>
  <dt>d</dt>
  <data>
    0. 4.8835442727810454e+00 3.1982592725136105e+00
    1.6051648809639090e+00</data></cameraMatrix_std_dev>
<dist_coeffs type_id="opencv-matrix">
  <rows>1</rows>
  <cols>5</cols>
  <dt>d</dt>
  <data>
    0. -1.7581535160890127e-01 0. 0. 1.9830569220322106e-01</data></dist_coeffs>
<dist_coeffs_std_dev type_id="opencv-matrix">
  <rows>5</rows>
  <cols>1</cols>
  <dt>d</dt>
  <data>
    0. 1.4482720191420538e-02 0. 0. 2.4759206241285994e-02</data></dist_coeffs_std_dev>
<avg_reprojection_error>6.8914540237482957e-01</avg_reprojection_error>
</opencv_storage>
