<?xml version="1.0"?>
<opencv_storage>
<calibrationDate>"to. 22. feb. 2018 kl. 09.45 +0100"</calibrationDate>
<framesCount>10</framesCount>
<cameraResolution>
  1280 720</cameraResolution>
<cameraMatrix type_id="opencv-matrix">
  <rows>3</rows>
  <cols>3</cols>
  <dt>d</dt>
  <data>
    9.8058665114585324e+02 0. 6.7671912682641198e+02 0.
    9.7864733408304653e+02 3.4743383903393857e+02 0. 0. 1.</data></cameraMatrix>
<cameraMatrix_std_dev type_id="opencv-matrix">
  <rows>4</rows>
  <cols>1</cols>
  <dt>d</dt>
  <data>
    7.9706617632919636e+00 7.7760311807260862e+00 6.3038448496585815e+00
    4.6589251150220408e+00</data></cameraMatrix_std_dev>
<dist_coeffs type_id="opencv-matrix">
  <rows>1</rows>
  <cols>5</cols>
  <dt>d</dt>
  <data>
    2.9934858077010997e-03 -2.7520967731026019e-01
    6.7797005068556584e-04 -3.5656561975304661e-04
    7.0770489058827624e-01</data></dist_coeffs>
<dist_coeffs_std_dev type_id="opencv-matrix">
  <rows>5</rows>
  <cols>1</cols>
  <dt>d</dt>
  <data>
    2.7655885436782528e-02 2.1819056226728684e-01 1.1886660840140430e-03
    1.6889047802318409e-03 5.1088825631128088e-01</data></dist_coeffs_std_dev>
<avg_reprojection_error>8.1298431006317340e-01</avg_reprojection_error>
</opencv_storage>
