<?xml version="1.0"?>
<opencv_storage>
<calibrationDate>"to. 22. feb. 2018 kl. 10.03 +0100"</calibrationDate>
<framesCount>3</framesCount>
<cameraResolution>
  1280 720</cameraResolution>
<cameraMatrix type_id="opencv-matrix">
  <rows>3</rows>
  <cols>3</cols>
  <dt>d</dt>
  <data>
    1.2974935578495868e+03 0. 6.9504507960251908e+02 0.
    1.2615898931223298e+03 1.3543505066588096e+02 0. 0. 1.</data></cameraMatrix>
<cameraMatrix_std_dev type_id="opencv-matrix">
  <rows>4</rows>
  <cols>1</cols>
  <dt>d</dt>
  <data>
    2.3969551220598612e+02 2.0908145736761486e+02 1.1786025511395918e+01
    1.4062213778585433e+02</data></cameraMatrix_std_dev>
<dist_coeffs type_id="opencv-matrix">
  <rows>1</rows>
  <cols>5</cols>
  <dt>d</dt>
  <data>
    -9.0005098103303011e-02 2.9502895773855564e-01
    6.5374340670427680e-03 -6.4695913903195664e-05
    -5.9391686109657049e-01</data></dist_coeffs>
<dist_coeffs_std_dev type_id="opencv-matrix">
  <rows>5</rows>
  <cols>1</cols>
  <dt>d</dt>
  <data>
    4.6463822077897697e-02 2.9173608009631707e-01 7.4460431144796179e-03
    2.2623862533742833e-03 6.2292271806382815e-01</data></dist_coeffs_std_dev>
<avg_reprojection_error>9.4845826380893705e-01</avg_reprojection_error>
</opencv_storage>
